-0.002
-0.345
-0.428
0.137
0.368
0.272
-0.125
0.008
-0.384
0.321
-0.298
-0.132
-0.357
0.113
0.189
0.090
-0.386
-0.274
-0.220
-0.080
-0.196
-0.062
-0.067
-0.061
0.090
0.245
-0.200
0.091
-0.113
-0.027
0.194
-0.042
-0.016
-0.300
-0.296
-0.070
-0.114
-0.556
0.141
0.089
0.625
0.220
-0.064
-0.036
0.097
-0.188
0.001
-0.429
0.098
0.169
0.297
-0.161
-0.277
0.204
0.195
0.237
0.526
0.123
-0.013
-0.180
-0.555
-0.188
-0.187
-0.112
-0.313
0.281
-0.392
0.541
-0.100
0.097
-0.426
-0.145
0.274
-0.008
-0.392
-0.060
0.306
0.907
-0.405
0.291
-0.358
0.127
0.294
-0.027
-0.035
-0.091
-0.599
0.918
-0.141
0.222
0.448
0.408
0.096
0.153
-0.118
-0.377
-0.172
0.401
-0.028
0.067
0.695
-0.366
-0.396
0.344
0.010
-0.009
0.329
-0.013
-0.195
0.278
-0.184
-0.203
-0.076
-0.602
-0.034
0.220
0.508
-0.039
-0.048
0.189
-0.839
0.281
0.286
-0.148
-0.185
0.202
0.471
0.429
-0.180
0.208
0.420
0.351
0.465
0.461
-0.061
0.017
-0.003
0.600
-0.175
-0.251
0.176
0.068
-0.001
-0.033
0.010
-0.260
-0.091
0.371
-0.309
0.268
0.477
0.062
-0.477
-0.050
-0.327
0.497
0.168
-0.041
-0.012
-0.116
-0.128
0.223
0.460
-0.286
0.027
0.203
0.254
-0.548
0.108
0.035
-0.612
0.248
0.527
0.245
-0.157
0.145
0.286
-0.548
0.247
0.353
-0.153
0.320
0.261
-0.153
-0.055
0.033
0.063
-0.044
0.088
-0.139
0.338
-0.194
-0.354
0.139
0.243
-0.144
0.235
0.157
-0.386
-0.033
0.315
0.124
0.283
-0.138
-0.291
0.008
-0.120
-0.288
0.513
0.249
0.489
0.196
0.310
0.116
-0.128
0.391
-0.295
-0.295
0.417
0.028
-0.472
0.084
0.350
0.355
-0.056
-0.133
0.342
-0.499
-0.061
0.102
-0.437
0.111
-0.360
0.147
0.069
0.062
0.189
-0.611
0.281
-0.210
0.352
0.016
-0.389
-0.487
-0.135
-0.045
0.386
-0.241
0.049
0.092
