-0.039
-0.045
0.013
-0.027
0.123
-0.048
0.050
-0.127
-0.007
0.053
0.117
-0.144
0.084
0.069
-0.005
-0.097
-0.212
-0.083
0.112
0.095
-0.007
-0.059
-0.032
-0.008
0.063
0.051
-0.043
0.058
-0.032
-0.039
0.152
-0.227
-0.106
0.010
0.079
-0.049
-0.148
-0.011
0.011
0.037
-0.031
-0.002
0.106
0.003
0.088
-0.045
0.040
0.024
-0.065
0.013
0.068
-0.017
0.024
-0.098
0.019
0.132
-0.158
-0.056
0.001
-0.048
-0.060
0.108
-0.026
-0.067
0.062
-0.013
0.073
0.138
0.119
-0.094
-0.103
0.000
0.027
0.092
0.100
0.025
0.063
0.101
-0.006
-0.001
0.001
-0.030
0.034
0.044
0.024
-0.004
0.005
-0.028
-0.011
0.083
-0.096
-0.009
0.103
0.006
0.015
-0.108
-0.135
-0.031
-0.076
-0.071
-0.055
0.032
0.004
0.040
0.057
0.049
0.052
0.095
-0.075
-0.047
-0.230
0.105
-0.033
-0.015
0.016
-0.032
0.003
-0.039
-0.062
-0.027
0.050
-0.110
-0.027
-0.008
-0.106
-0.026
0.072
0.027
0.092
-0.031
-0.006
-0.191
-0.000
-0.000
0.099
0.076
-0.005
-0.022
-0.081
-0.047
-0.080
0.069
-0.066
0.015
0.097
-0.039
-0.013
0.033
0.033
0.105
0.085
-0.192
-0.011
0.055
-0.036
0.026
0.040
0.085
0.044
0.024
-0.040
0.012
0.018
0.152
0.044
-0.039
0.120
-0.069
-0.101
-0.116
-0.053
-0.094
-0.087
-0.004
-0.094
0.009
-0.045
-0.114
0.062
0.089
-0.063
-0.011
0.037
-0.113
-0.087
-0.015
0.077
-0.058
-0.048
-0.051
0.005
-0.019
-0.126
-0.022
0.007
0.049
-0.104
-0.203
-0.056
-0.015
-0.037
-0.008
0.018
0.001
-0.025
0.045
-0.046
-0.021
0.081
0.059
0.051
0.030
-0.051
0.083
0.068
0.110
0.020
-0.147
0.050
-0.205
0.149
-0.058
-0.022
-0.024
-0.043
-0.037
0.075
-0.016
0.070
-0.011
0.072
-0.077
0.036
-0.029
0.033
0.100
-0.061
-0.089
0.040
-0.027
-0.043
-0.017
0.096
-0.088
0.025
0.091
-0.026
-0.142
0.010
-0.014
-0.095
0.074
-0.033
0.173
0.060
0.083
-0.047
-0.034
0.056
-0.079
0.041
-0.016
-0.044
0.109
0.007
0.028
-0.133
-0.217
0.132
0.122
-0.097
0.047
0.159
0.104
-0.039
0.021
0.041
-0.013
-0.097
-0.114
-0.055
-0.093
-0.060
0.116
0.055
0.064
-0.023
-0.078
-0.100
-0.025
0.005
-0.068
0.140
-0.022
-0.044
-0.032
-0.010
-0.017
0.000
-0.061
0.194
-0.092
0.060
-0.088
0.048
0.048
-0.092
0.020
0.081
0.022
-0.060
-0.132
-0.090
-0.143
0.043
-0.038
-0.064
0.228
0.136
0.027
-0.006
-0.091
-0.030
0.095
-0.119
-0.012
0.007
0.054
0.032
-0.043
-0.018
-0.021
-0.016
0.017
0.035
-0.072
-0.044
-0.025
0.039
0.044
-0.039
0.025
0.058
0.025
-0.041
0.085
-0.033
-0.141
0.009
0.004
-0.069
-0.096
0.051
0.100
-0.093
0.007
0.018
-0.018
-0.003
-0.139
0.016
-0.026
0.003
-0.108
0.056
0.089
0.013
-0.126
-0.069
-0.112
0.153
0.026
-0.045
-0.066
-0.107
0.027
0.014
-0.048
-0.084
-0.011
-0.074
-0.079
-0.012
0.014
0.059
0.033
-0.060
0.081
-0.044
0.016
0.127
0.011
-0.044
-0.025
0.074
-0.007
0.010
0.000
0.074
-0.105
-0.002
0.027
-0.121
0.020
-0.037
-0.120
0.045
0.002
-0.055
0.097
-0.070
0.060
-0.034
0.066
0.064
0.017
-0.027
-0.081
-0.070
0.018
-0.063
-0.083
-0.005
-0.005
-0.063
-0.084
-0.037
0.006
0.095
0.031
-0.054
0.036
0.027
0.013
-0.219
-0.062
0.010
0.040
-0.068
-0.198
-0.126
0.183
-0.137
-0.060
0.061
-0.050
-0.053
-0.031
-0.076
-0.079
-0.078
-0.146
0.023
-0.004
0.022
-0.018
-0.121
0.016
-0.045
-0.055
-0.033
0.047
0.023
0.184
-0.025
-0.165
0.036
0.031
-0.044
0.001
-0.044
-0.111
-0.075
0.024
-0.050
-0.019
0.111
-0.001
-0.092
-0.042
-0.027
-0.107
-0.096
0.093
0.055
0.011
-0.047
0.023
-0.007
-0.065
0.106
0.079
-0.051
0.049
-0.062
-0.050
0.025
-0.081
0.024
-0.050
-0.012
-0.075
-0.040
-0.012
0.127
-0.057
-0.056
0.015
0.007
-0.145
0.058
0.090
-0.026
0.113
-0.064
-0.004
-0.010
-0.079
0.139
0.010
-0.016
-0.018
0.027
-0.066
0.129
0.151
0.124
0.130
0.075
-0.096
0.003
0.022
0.019
-0.105
-0.017
-0.153
-0.114
-0.145
-0.140
0.009
0.116
-0.056
0.067
0.002
-0.069
-0.085
-0.004
-0.014
0.077
-0.133
0.262
0.119
0.021
-0.016
-0.018
0.019
-0.163
-0.094
-0.022
0.055
-0.149
-0.168
0.025
-0.112
-0.050
-0.064
-0.141
-0.020
0.152
-0.053
0.008
-0.034
0.016
0.040
-0.040
-0.056
0.045
-0.040
0.074
0.039
-0.067
-0.141
0.036
0.078
-0.029
0.035
-0.019
-0.011
-0.066
0.046
0.007
0.008
-0.018
0.111
-0.007
-0.031
0.059
-0.000
0.098
-0.082
-0.115
0.043
0.039
-0.044
-0.084
0.037
-0.031
-0.063
-0.044
-0.028
0.125
-0.127
0.042
-0.164
0.077
-0.105
-0.091
-0.051
0.029
0.116
0.112
0.059
-0.033
-0.043
-0.026
0.021
-0.004
-0.053
0.058
-0.020
0.018
-0.044
-0.069
-0.119
0.219
0.016
-0.128
0.098
0.024
0.062
0.045
-0.102
-0.020
0.047
0.036
-0.058
-0.044
-0.059
-0.119
-0.143
0.010
-0.054
0.010
-0.027
0.027
-0.086
-0.045
0.064
0.070
0.102
-0.078
0.166
-0.130
0.013
-0.108
-0.030
0.184
-0.109
-0.079
0.035
-0.088
-0.038
0.037
-0.032
-0.021
-0.085
-0.099
-0.062
0.140
-0.006
-0.054
0.108
0.103
-0.059
-0.057
-0.111
-0.017
0.009
-0.176
-0.071
0.028
0.022
0.100
-0.238
0.094
0.019
0.039
0.019
-0.117
-0.042
-0.063
-0.002
0.019
-0.023
-0.068
0.010
-0.113
-0.025
-0.221
0.006
0.104
0.046
-0.021
0.129
-0.004
-0.059
0.178
-0.043
-0.021
-0.095
0.016
-0.091
-0.017
0.073
-0.004
0.084
0.167
-0.111
-0.015
-0.059
-0.032
0.054
-0.004
0.020
-0.116
-0.148
0.027
0.006
-0.008
0.061
0.091
-0.005
0.099
-0.014
0.013
-0.017
-0.010
-0.056
0.028
-0.020
0.088
-0.156
0.063
-0.102
0.108
-0.040
0.002
-0.021
0.118
-0.039
0.029
0.053
-0.073
0.115
0.023
0.084
-0.044
-0.213
0.108
0.062
-0.151
-0.139
-0.000
-0.047
0.009
0.013
0.223
-0.089
0.095
-0.055
0.047
-0.098
0.036
0.049
0.059
-0.094
-0.003
0.009
-0.074
-0.065
0.071
0.054
-0.100
-0.055
-0.020
0.004
-0.070
-0.038
-0.053
-0.027
0.040
0.108
-0.076
0.145
-0.089
0.098
-0.052
-0.173
0.026
-0.056
-0.077
-0.101
-0.036
-0.091
0.055
0.013
-0.141
-0.031
0.043
-0.171
-0.052
0.015
-0.101
0.121
-0.029
-0.087
-0.103
0.028
0.016
0.050
0.113
0.093
0.074
-0.181
0.017
0.023
0.130
-0.035
-0.039
0.044
-0.101
-0.048
0.006
0.194
-0.014
-0.094
0.112
0.041
0.019
0.045
0.043
0.018
0.078
-0.026
-0.057
0.053
-0.132
-0.020
-0.042
-0.020
0.193
-0.005
-0.002
0.009
0.065
0.093
-0.107
0.167
-0.063
-0.027
0.149
0.055
-0.057
-0.036
0.080
0.160
0.250
0.008
-0.072
0.053
-0.159
0.049
-0.043
-0.035
0.007
-0.052
-0.112
0.050
0.000
0.072
-0.038
-0.038
-0.064
-0.078
0.095
-0.010
-0.151
-0.041
0.059
-0.004
-0.116
0.028
0.136
0.040
0.030
-0.057
-0.043
0.037
0.018
0.072
-0.102
-0.067
-0.052
-0.048
-0.059
-0.055
0.151
-0.004
-0.032
0.024
0.024
-0.032
0.008
-0.146
-0.204
-0.027
-0.111
-0.096
0.068
0.065
-0.016
-0.024
0.061
-0.075
0.022
-0.075
0.042
-0.177
-0.276
-0.151
-0.031
-0.021
0.129
-0.001
-0.065
0.103
-0.001
-0.108
-0.003
-0.047
-0.015
-0.173
-0.027
-0.056
0.023
0.027
-0.140
-0.051
-0.031
0.075
-0.014
0.048
-0.054
0.065
0.007
-0.090
0.103
-0.018
0.045
0.093
-0.050
0.021
0.079
0.041
0.065
0.171
0.096
-0.017
-0.009
-0.035
-0.099
0.020
-0.053
-0.004
0.002
-0.030
0.007
-0.118
0.058
-0.053
0.095
0.026
-0.002
-0.088
0.079
0.068
-0.094
0.007
0.007
-0.076
0.033
-0.140
-0.003
-0.148
-0.010
-0.072
0.042
0.018
0.149
0.062
-0.029
-0.047
-0.077
0.133
-0.047
0.044
0.170
-0.109
-0.001
-0.011
-0.040
0.057
-0.068
-0.019
0.071
-0.023
0.021
-0.007
-0.042
-0.084
0.072
-0.059
-0.100
0.058
0.034
-0.041
-0.036
0.004
-0.133
-0.050
-0.017
-0.127
-0.069
0.009
-0.039
-0.125
0.128
0.129
0.061
0.007
-0.116
0.051
-0.096
-0.024
0.050
0.087
-0.160
-0.056
-0.053
-0.105
-0.069
-0.003
-0.050
-0.199
-0.102
-0.032
-0.011
-0.054
0.175
-0.146
-0.093
0.143
0.119
0.047
0.077
0.108
-0.049
-0.005
0.022
0.036
0.046
0.016
-0.008
0.030
-0.020
-0.041
0.065
0.055
0.020
0.037
-0.083
-0.205
0.001
-0.060
-0.103
0.091
0.035
0.002
-0.014
0.048
0.034
0.003
0.202
0.086
-0.004
0.020
0.003
0.114
-0.015
-0.006
-0.017
-0.009
-0.131
0.065
0.105
0.003
0.052
0.078
-0.064
0.040
0.158
-0.088
0.007
0.091
-0.023
0.182
0.085
-0.018
-0.079
-0.010
0.009
0.015
-0.019
-0.026
-0.013
-0.047
-0.100
0.148
0.014
-0.042
-0.039
-0.088
0.082
-0.098
-0.137
-0.021
-0.044
-0.113
-0.035
0.020
-0.037
-0.034
-0.024
-0.159
0.032
-0.051
-0.084
0.021
0.059
-0.014
-0.015
0.079
0.057
-0.096
-0.074
-0.064
0.141
-0.132
-0.000
0.023
0.031
-0.119
-0.032
-0.064
-0.079
-0.033
0.064
-0.071
0.075
-0.164
0.028
0.011
-0.113
-0.103
-0.104
-0.064
-0.011
0.020
-0.210
-0.096
-0.022
-0.073
-0.131
-0.031
-0.026
0.109
0.031
0.028
-0.151
-0.046
-0.158
-0.037
0.034
-0.079
-0.083
-0.098
-0.118
0.013
-0.080
-0.000
-0.093
0.043
-0.034
0.055
0.135
-0.116
0.113
0.116
0.121
0.035
0.052
-0.046
0.083
-0.038
0.033
-0.077
0.116
0.137
-0.037
-0.066
-0.024
-0.072
-0.065
0.179
0.039
-0.010
0.038
0.050
-0.029
0.043
0.129
-0.034
0.029
-0.114
-0.072
0.045
-0.008
-0.107
-0.048
0.012
0.055
0.032
-0.017
0.016
0.150
-0.073
-0.099
0.097
0.146
-0.085
-0.080
0.088
-0.129
0.117
0.075
-0.032
-0.219
-0.074
0.007
-0.005
-0.226
-0.014
0.147
-0.001
0.078
0.038
0.092
-0.098
-0.087
-0.098
-0.078
-0.230
0.048
0.048
0.098
-0.046
-0.207
0.113
0.048
0.096
0.055
-0.039
0.126
0.069
-0.048
0.022
-0.019
-0.010
-0.125
0.076
0.035
0.090
-0.071
-0.049
-0.053
0.061
-0.051
0.026
-0.035
-0.054
-0.029
0.023
-0.045
0.053
-0.002
-0.050
0.033
0.282
-0.013
-0.035
0.029
0.054
0.037
0.063
0.051
0.062
-0.039
0.043
-0.172
0.022
0.036
-0.083
0.115
-0.016
0.034
-0.086
-0.001
-0.010
0.000
0.011
0.084
-0.069
0.032
0.062
0.103
-0.006
-0.003
-0.083
0.054
-0.107
-0.011
0.069
-0.039
-0.023
-0.057
-0.038
0.031
-0.005
0.044
-0.060
-0.033
0.010
-0.113
-0.102
-0.040
0.098
0.018
-0.097
0.086
0.085
-0.093
0.025
-0.074
0.032
-0.113
0.039
-0.015
0.022
-0.021
-0.055
0.124
-0.088
0.019
-0.017
-0.002
0.149
-0.081
-0.011
0.034
0.011
-0.003
-0.011
0.056
-0.015
-0.051
0.011
-0.023
-0.060
-0.074
0.003
-0.101
-0.117
0.091
0.068
-0.060
-0.095
0.003
0.071
0.059
0.097
-0.033
-0.079
-0.022
-0.032
0.053
-0.022
-0.035
-0.153
-0.050
-0.115
0.147
0.013
0.133
-0.047
-0.046
0.071
-0.170
-0.081
0.106
0.170
0.017
0.107
0.014
-0.032
0.019
-0.071
0.140
-0.099
-0.039
0.006
-0.037
0.215
-0.052
-0.059
-0.058
-0.021
-0.089
-0.023
0.076
0.027
-0.053
0.022
-0.004
-0.047
0.129
-0.104
0.171
-0.035
-0.004
0.019
0.060
-0.081
-0.011
-0.036
0.141
0.051
0.074
-0.136
0.014
0.011
0.035
-0.074
-0.034
0.083
0.012
-0.050
0.116
0.073
-0.043
0.037
0.173
-0.103
-0.005
-0.041
-0.114
-0.054
0.008
-0.037
-0.049
-0.086
0.029
0.013
-0.093
0.041
-0.062
0.055
0.140
0.087
-0.006
0.019
-0.087
-0.034
0.075
-0.052
0.110
-0.003
0.131
-0.036
-0.049
-0.098
-0.019
-0.056
-0.018
0.145
0.009
-0.050
-0.006
0.043
0.138
0.114
-0.234
-0.026
0.088
-0.042
0.068
0.124
0.142
-0.076
-0.093
-0.026
-0.010
-0.079
-0.090
-0.005
0.036
-0.014
-0.111
-0.009
-0.023
0.073
0.072
-0.020
-0.084
0.136
-0.020
-0.042
0.063
-0.025
-0.057
-0.099
0.141
0.061
-0.068
-0.089
-0.045
0.002
-0.218
-0.111
0.079
0.066
0.005
-0.164
0.083
0.026
0.012
0.014
-0.038
0.122
-0.019
-0.004
-0.001
-0.105
-0.150
0.061
-0.066
0.046
0.076
0.038
0.010
-0.027
-0.023
-0.077
-0.061
0.022
-0.023
-0.054
0.002
-0.029
0.001
0.004
-0.033
0.035
0.009
0.125
-0.064
-0.032
0.084
-0.041
0.078
-0.030
-0.017
0.074
0.029
-0.070
-0.061
0.033
0.050
0.048
0.010
0.059
0.004
-0.045
-0.038
-0.189
-0.028
-0.022
-0.077
-0.082
0.049
0.076
0.006
-0.050
-0.020
0.056
-0.032
0.087
0.058
0.064
-0.077
-0.074
-0.152
-0.132
-0.205
0.017
0.071
-0.087
-0.035
0.002
0.093
0.107
0.073
0.011
0.018
-0.010
0.142
0.050
-0.043
-0.019
0.015
0.088
-0.098
-0.106
0.020
0.048
-0.010
-0.078
-0.126
-0.057
0.045
0.090
-0.038
0.135
0.152
-0.031
0.005
0.043
-0.041
-0.093
-0.051
-0.057
0.109
0.035
0.029
-0.038
-0.023
-0.012
-0.171
-0.068
0.043
0.042
-0.058
0.166
0.073
-0.019
-0.059
-0.152
0.137
-0.010
-0.141
-0.176
-0.069
0.141
-0.061
-0.152
-0.083
0.036
0.041
-0.070
-0.116
0.051
-0.079
0.097
0.089
0.024
0.028
-0.108
-0.009
0.007
-0.034
-0.140
0.109
-0.125
-0.030
-0.029
-0.097
-0.072
0.050
-0.081
-0.053
0.043
0.043
0.025
-0.091
-0.049
0.048
0.062
0.107
-0.153
-0.075
-0.016
0.014
0.014
-0.059
-0.090
0.068
-0.056
0.035
0.082
-0.073
0.050
0.075
-0.054
-0.093
-0.075
-0.054
-0.061
-0.060
-0.030
0.093
0.056
0.040
-0.108
0.050
0.081
0.060
-0.048
0.078
0.026
0.066
-0.036
0.129
-0.032
-0.035
0.139
-0.130
0.108
0.057
0.010
0.080
-0.019
-0.121
-0.049
0.050
-0.121
0.010
0.144
0.206
0.004
0.009
-0.085
0.031
-0.051
-0.047
-0.037
0.018
-0.004
-0.123
0.197
0.119
0.039
0.057
0.045
-0.106
0.128
-0.112
-0.037
0.098
-0.015
0.005
0.029
0.101
0.259
-0.198
-0.120
-0.041
0.107
-0.088
-0.040
0.005
-0.029
-0.197
-0.174
-0.083
0.021
0.061
-0.063
0.019
-0.073
0.178
-0.012
-0.063
0.055
0.145
0.029
-0.002
0.001
0.045
0.027
0.041
-0.077
0.011
0.002
-0.061
0.047
0.042
-0.080
0.011
0.014
0.129
0.009
-0.015
-0.009
0.018
0.120
-0.116
-0.100
0.025
0.011
0.110
0.021
0.014
0.072
0.145
0.065
0.024
0.121
0.116
-0.016
-0.122
-0.059
0.123
-0.143
0.075
0.049
-0.028
0.150
-0.130
-0.064
-0.128
-0.018
-0.101
0.018
0.075
0.012
-0.070
0.153
-0.024
0.097
-0.044
0.098
-0.048
0.053
-0.145
0.039
0.032
-0.004
-0.037
0.108
0.141
-0.016
0.128
0.088
0.057
0.196
-0.026
0.048
-0.068
0.043
0.020
-0.053
-0.200
-0.072
-0.021
0.030
-0.061
-0.016
-0.006
-0.043
-0.084
0.149
0.004
0.051
0.042
-0.062
-0.160
0.064
0.026
-0.055
-0.060
0.011
-0.009
-0.110
0.083
-0.085
-0.134
-0.013
-0.178
-0.017
0.092
-0.002
0.078
0.048
-0.117
-0.028
0.025
-0.165
0.132
-0.136
-0.236
-0.115
-0.013
0.133
-0.032
-0.163
-0.017
0.101
0.013
0.058
-0.142
0.047
-0.168
0.057
-0.157
-0.054
-0.118
-0.138
0.034
0.063
-0.037
0.095
0.130
0.050
0.042
-0.088
0.028
0.018
0.045
-0.110
-0.042
-0.060
0.128
0.135
-0.020
-0.028
0.020
0.035
0.004
-0.104
0.090
-0.104
0.007
-0.085
-0.040
0.044
0.000
-0.061
0.105
-0.014
0.057
-0.017
-0.021
-0.105
-0.178
0.013
-0.096
-0.031
0.079
-0.029
0.049
-0.134
-0.054
-0.013
0.010
-0.024
0.060
-0.114
-0.012
0.041
0.059
0.070
-0.045
0.064
0.047
0.223
0.007
0.053
0.108
-0.066
0.112
-0.013
-0.008
0.037
-0.039
-0.173
-0.081
-0.088
0.074
-0.048
-0.123
-0.016
-0.020
0.065
-0.022
-0.040
-0.029
-0.071
-0.132
0.006
-0.087
0.076
-0.149
-0.066
-0.069
-0.064
0.036
-0.055
0.075
-0.004
0.010
0.068
-0.099
0.281
-0.051
-0.059
0.088
0.113
-0.066
-0.001
0.059
-0.136
0.001
-0.210
0.138
-0.154
0.174
-0.143
0.020
-0.124
0.106
-0.189
-0.112
-0.051
-0.100
0.101
0.112
-0.012
-0.004
0.043
0.005
0.052
-0.036
-0.002
0.099
-0.056
-0.018
0.027
0.020
0.010
-0.041
0.102
-0.006
-0.077
-0.015
0.171
-0.061
-0.186
-0.035
0.061
0.052
-0.044
0.162
-0.036
0.060
0.094
-0.136
0.023
0.116
-0.064
-0.044
-0.025
0.049
-0.094
-0.036
0.091
-0.028
0.064
-0.019
0.175
-0.117
0.092
0.005
-0.168
0.013
0.090
-0.018
0.030
0.073
0.010
-0.051
0.037
-0.135
-0.003
0.143
0.067
0.062
0.100
-0.051
-0.074
0.093
0.057
-0.001
-0.010
-0.054
-0.092
0.102
-0.196
-0.091
0.088
0.035
-0.021
-0.051
-0.067
0.093
-0.052
0.087
-0.106
-0.094
0.228
0.017
0.000
0.050
0.170
-0.030
-0.076
-0.153
-0.016
-0.007
0.075
0.005
-0.036
0.091
-0.031
0.057
-0.092
-0.160
-0.103
-0.220
0.002
-0.039
-0.095
0.052
-0.136
-0.091
-0.011
-0.010
-0.098
0.001
0.069
-0.157
-0.059
-0.053
0.194
0.138
-0.276
-0.118
0.185
0.077
0.149
-0.183
-0.007
-0.202
0.069
-0.091
0.004
-0.050
-0.067
-0.110
0.110
-0.004
0.156
0.004
0.063
0.012
0.097
0.083
0.046
0.086
-0.064
-0.045
-0.012
0.201
0.187
-0.024
-0.112
0.098
-0.043
0.126
0.044
-0.065
0.056
-0.152
-0.031
-0.060
-0.004
-0.021
-0.060
0.075
0.108
0.051
-0.070
0.019
0.016
0.049
-0.002
0.021
-0.127
0.022
-0.019
-0.044
-0.120
0.079
-0.003
-0.042
-0.155
-0.036
-0.110
-0.018
-0.013
-0.076
-0.026
-0.065
0.003
-0.028
-0.024
0.049
0.028
0.060
-0.039
0.073
0.013
-0.050
-0.074
0.046
-0.090
0.060
0.002
0.002
0.059
-0.051
-0.072
-0.018
0.036
0.091
0.133
-0.009
-0.059
0.090
-0.050
0.045
0.069
0.018
-0.171
0.007
0.031
-0.087
-0.101
0.042
0.022
-0.075
0.098
-0.098
-0.101
0.005
0.050
0.069
0.122
-0.033
0.020
0.036
-0.018
-0.061
-0.047
0.030
-0.049
-0.031
-0.037
-0.053
0.002
0.072
-0.056
-0.175
0.020
0.130
0.028
0.153
0.108
0.058
-0.045
0.070
0.177
0.080
0.078
0.135
-0.112
0.040
-0.025
-0.002
-0.069
-0.014
0.130
0.031
-0.045
-0.017
0.115
-0.038
-0.028
0.031
0.004
0.044
-0.073
0.070
-0.053
0.041
0.002
-0.011
-0.038
0.004
-0.190
-0.100
-0.064
0.179
-0.080
-0.063
0.007
-0.019
0.087
-0.022
0.034
-0.129
-0.068
0.139
-0.107
-0.086
0.020
-0.036
-0.093
0.121
-0.062
-0.022
0.033
-0.191
0.019
-0.115
-0.007
-0.126
0.088
-0.015
0.050
-0.069
0.025
0.043
0.019
-0.081
-0.068
0.041
0.056
-0.189
-0.045
-0.042
0.037
0.052
-0.027
-0.037
-0.069
-0.024
-0.100
-0.112
0.019
0.072
-0.012
-0.029
0.063
0.023
-0.160
-0.011
-0.050
0.079
-0.053
-0.028
-0.061
0.054
-0.056
-0.008
-0.040
0.066
0.052
-0.205
-0.011
-0.127
-0.105
0.039
-0.060
0.031
0.055
0.128
-0.082
-0.006
-0.079
-0.165
-0.035
0.013
-0.040
0.085
0.082
-0.031
-0.025
0.245
0.108
-0.094
-0.069
-0.058
-0.023
0.084
-0.026
-0.014
-0.127
-0.064
0.064
-0.013
0.029
-0.024
-0.122
-0.037
0.076
0.030
0.011
0.019
0.023
-0.070
0.073
0.120
-0.026
-0.053
-0.079
-0.126
0.001
0.108
0.017
-0.062
0.093
-0.082
-0.054
-0.026
0.083
0.026
0.045
-0.064
0.004
-0.077
0.031
-0.101
0.122
-0.088
0.014
-0.157
-0.053
-0.055
-0.054
-0.003
-0.072
-0.043
-0.034
0.021
-0.007
0.052
-0.076
-0.093
-0.153
0.072
-0.071
0.218
0.048
-0.167
0.009
-0.055
-0.040
-0.162
0.072
0.143
0.139
-0.120
0.068
0.009
0.022
0.009
0.001
0.030
-0.091
-0.041
-0.070
-0.111
-0.120
0.014
-0.003
0.001
0.052
-0.017
-0.078
0.095
-0.084
-0.088
0.043
-0.093
-0.067
-0.035
0.118
0.056
0.088
-0.015
-0.009
0.029
0.064
-0.190
-0.041
-0.014
-0.051
0.005
0.004
0.066
0.060
0.023
-0.121
-0.033
0.176
0.227
0.030
0.046
0.093
-0.014
0.028
0.015
0.121
0.137
0.123
-0.004
-0.003
-0.039
-0.161
0.132
-0.002
-0.130
-0.046
0.024
0.041
0.078
0.074
-0.022
-0.063
-0.084
-0.014
-0.140
-0.026
-0.034
-0.071
-0.064
0.049
0.018
0.015
0.097
-0.016
-0.020
0.165
-0.130
-0.010
0.069
0.125
0.108
0.006
-0.013
0.003
-0.071
0.085
-0.036
-0.109
0.076
0.099
0.026
0.024
0.029
-0.027
-0.031
-0.003
-0.015
0.039
0.019
0.005
-0.112
-0.011
-0.038
-0.079
0.135
-0.049
-0.114
-0.076
-0.104
0.159
0.072
-0.003
-0.041
-0.116
-0.112
-0.150
0.116
-0.050
-0.133
-0.003
-0.026
-0.059
-0.020
-0.056
-0.011
-0.143
0.058
-0.019
0.066
-0.013
0.083
0.028
0.245
0.031
0.046
-0.015
-0.041
-0.129
0.025
-0.031
-0.002
-0.014
-0.000
-0.132
0.101
0.011
-0.159
-0.023
0.028
0.019
-0.352
0.070
0.102
0.120
0.067
-0.080
-0.130
0.103
-0.039
-0.107
0.101
0.043
-0.098
-0.197
0.080
-0.068
-0.057
-0.022
0.009
-0.025
0.078
0.098
-0.047
-0.056
-0.071
-0.028
-0.049
0.012
0.126
-0.163
0.138
-0.060
-0.034
0.017
-0.005
0.119
-0.069
-0.019
0.018
0.058
-0.036
-0.103
0.007
0.001
-0.001
-0.005
-0.078
-0.003
-0.014
0.010
-0.014
-0.101
-0.038
0.026
0.086
-0.107
0.053
0.045
0.091
-0.017
-0.008
-0.012
-0.121
-0.046
0.055
0.017
-0.067
-0.019
0.057
0.041
0.032
-0.041
-0.040
-0.026
-0.034
-0.031
0.127
0.023
0.142
0.026
-0.005
-0.100
0.046
0.009
0.017
0.016
0.059
0.076
0.058
-0.054
-0.140
-0.005
0.101
0.074
-0.159
-0.047
0.131
-0.138
0.035
-0.000
-0.035
-0.124
-0.073
0.019
0.031
-0.120
-0.003
-0.016
0.049
-0.048
-0.098
0.028
0.108
-0.149
0.001
-0.036
-0.066
0.024
-0.001
0.081
-0.048
-0.039
0.086
-0.035
-0.117
0.021
0.001
-0.114
-0.166
-0.067
0.000
0.117
-0.052
-0.076
-0.076
-0.013
0.027
0.199
0.089
-0.117
-0.062
-0.002
0.066
0.029
0.039
-0.067
0.065
0.062
-0.037
-0.012
-0.052
0.008
-0.060
-0.149
-0.091
-0.091
0.145
0.016
-0.046
-0.026
-0.098
-0.051
0.053
0.005
0.021
0.029
-0.093
0.111
-0.128
0.017
0.033
-0.032
0.058
0.043
0.032
0.110
-0.236
0.096
-0.002
0.032
0.003
-0.086
-0.062
0.021
-0.047
-0.110
-0.103
-0.111
0.056
0.025
-0.045
-0.067
-0.062
0.025
-0.058
-0.069
-0.134
0.163
-0.116
0.017
-0.034
0.033
-0.025
-0.008
-0.089
0.017
-0.051
-0.132
0.074
-0.015
-0.053
-0.056
0.158
-0.070
-0.144
-0.103
0.038
0.137
0.014
-0.015
-0.036
-0.068
-0.091
0.036
-0.127
-0.167
0.009
-0.050
0.070
0.054
0.060
-0.019
-0.027
0.069
-0.014
-0.069
-0.071
-0.153
-0.048
0.047
-0.049
-0.133
-0.080
-0.008
0.054
0.005
-0.018
0.058
-0.041
0.179
-0.255
0.043
-0.182
0.050
0.188
-0.030
-0.105
0.070
-0.005
-0.178
0.064
0.060
-0.181
-0.133
-0.012
0.103
0.203
-0.311
0.015
-0.040
0.056
0.123
-0.104
0.098
-0.063
-0.118
-0.001
0.092
0.081
-0.016
0.143
0.071
-0.009
-0.069
-0.027
-0.008
0.037
-0.136
-0.111
-0.044
-0.031
-0.093
-0.115
-0.074
0.049
-0.051
-0.045
-0.016
-0.025
0.027
-0.011
0.003
-0.073
-0.157
-0.075
-0.111
0.041
0.042
0.067
-0.002
0.035
-0.025
0.028
-0.049
-0.021
-0.069
-0.137
0.064
-0.080
-0.019
-0.112
0.003
-0.077
0.105
-0.090
0.044
0.012
-0.107
0.127
-0.030
-0.035
-0.043
-0.052
0.016
0.112
-0.010
-0.042
0.131
-0.070
-0.059
-0.062
0.109
0.183
0.057
-0.058
0.067
-0.016
-0.223
0.047
-0.000
0.101
0.066
0.031
0.015
0.101
0.026
0.130
-0.189
-0.017
0.011
-0.080
-0.032
0.033
0.017
-0.082
0.023
0.021
-0.001
-0.153
-0.025
-0.050
-0.062
-0.010
0.044
0.024
0.173
0.044
-0.052
-0.134
-0.091
-0.022
0.267
0.042
-0.087
-0.119
-0.102
-0.036
0.084
0.001
-0.128
0.110
-0.037
0.024
0.026
0.006
-0.020
0.059
0.223
-0.117
-0.007
-0.042
-0.038
-0.043
-0.004
0.106
-0.055
0.154
-0.073
-0.001
0.063
-0.061
-0.083
0.035
0.057
-0.098
-0.018
0.082
0.037
-0.023
0.135
0.013
-0.122
0.018
0.051
0.108
0.078
0.008
-0.016
0.071
0.089
0.159
-0.056
-0.089
0.034
0.131
-0.107
0.003
0.067
0.056
0.085
-0.014
-0.104
-0.239
-0.020
-0.082
-0.054
0.048
0.135
-0.065
-0.090
-0.111
-0.130
-0.096
-0.043
-0.025
0.107
-0.027
-0.051
0.010
-0.047
-0.185
-0.052
0.129
-0.015
0.054
0.073
0.010
0.034
0.112
-0.005
-0.003
0.007
-0.014
-0.054
-0.109
-0.155
0.056
-0.058
-0.094
-0.062
-0.001
-0.034
0.048
0.067
-0.048
0.133
0.112
-0.141
0.032
0.082
-0.064
-0.012
0.007
-0.037
0.068
0.020
-0.025
-0.191
0.007
0.056
-0.090
0.154
-0.024
-0.231
0.046
-0.219
-0.112
0.146
-0.007
-0.168
0.274
0.063
-0.165
-0.158
0.081
-0.040
0.078
-0.142
-0.011
0.076
0.154
0.184
-0.137
0.097
0.028
-0.076
-0.089
0.080
-0.046
0.018
0.255
-0.009
-0.023
-0.115
0.056
-0.166
-0.043
-0.007
0.007
0.089
-0.048
0.082
-0.082
-0.008
0.087
0.018
-0.083
-0.111
-0.025
-0.147
0.010
0.036
-0.035
0.032
-0.021
-0.047
0.120
-0.014
0.107
0.006
-0.043
0.074
0.132
0.014
0.049
-0.046
-0.064
-0.020
-0.004
0.123
-0.031
-0.062
-0.028
0.082
0.092
0.005
-0.054
0.013
0.173
-0.089
0.038
0.012
-0.055
0.033
0.049
0.076
-0.075
0.074
-0.085
0.075
0.026
0.036
0.145
0.044
-0.085
0.087
-0.188
-0.210
-0.057
-0.077
-0.032
-0.031
-0.056
0.116
-0.084
0.111
0.181
-0.044
-0.071
0.018
-0.173
-0.031
-0.043
-0.127
-0.133
0.048
0.014
-0.157
-0.016
-0.036
-0.076
-0.133
-0.111
-0.043
-0.031
0.123
0.022
0.106
0.100
-0.078
0.039
0.147
-0.051
-0.083
-0.152
-0.011
-0.051
-0.106
0.106
-0.149
0.143
0.039
-0.024
-0.092
0.020
-0.021
-0.038
0.098
0.018
0.086
-0.118
-0.009
0.002
0.090
0.077
0.003
0.104
-0.005
0.079
-0.050
0.165
-0.152
-0.007
0.107
-0.009
0.020
-0.068
0.057
0.007
0.043
0.049
0.001
0.015
-0.096
0.108
-0.040
0.020
-0.011
-0.069
-0.021
0.009
-0.037
-0.013
-0.044
0.065
-0.036
-0.057
0.057
0.015
0.022
-0.114
-0.000
-0.124
-0.009
-0.138
-0.101
-0.061
-0.007
0.022
-0.022
0.112
-0.007
0.084
0.024
-0.074
0.080
-0.111
-0.017
0.048
-0.055
0.003
0.141
0.145
-0.057
0.039
0.137
-0.057
-0.006
0.079
0.063
0.020
0.019
-0.047
-0.147
0.043
-0.124
0.048
-0.010
-0.004
0.000
-0.187
-0.005
0.064
-0.072
-0.005
0.185
0.114
-0.074
-0.030
-0.110
-0.053
0.003
0.088
0.054
0.088
0.007
-0.069
0.019
0.038
0.008
-0.321
0.234
0.024
-0.132
0.159
-0.044
0.071
0.056
0.153
-0.051
0.096
-0.087
-0.190
-0.045
-0.019
0.048
-0.004
-0.065
-0.073
0.102
0.056
0.092
-0.022
0.006
0.049
0.144
0.062
-0.044
-0.110
0.082
0.046
0.024
-0.017
-0.068
0.030
-0.043
0.058
-0.095
-0.132
0.027
-0.016
0.184
-0.106
-0.036
0.051
-0.049
0.034
-0.109
-0.098
-0.118
-0.016
0.121
-0.076
0.068
-0.029
0.183
0.046
0.088
-0.054
-0.177
0.174
0.051
-0.033
0.048
-0.012
-0.072
0.002
-0.017
-0.051
0.016
-0.024
-0.034
-0.021
-0.030
0.134
0.027
0.005
-0.020
0.171
-0.124
-0.062
0.036
-0.034
-0.008
-0.060
0.134
-0.014
0.038
0.057
0.051
0.115
-0.124
0.089
0.099
0.056
0.063
-0.096
-0.042
-0.150
-0.015
-0.108
0.178
0.003
-0.040
0.008
0.035
-0.072
-0.097
0.055
-0.023
0.024
0.110
0.135
-0.096
-0.074
0.007
-0.054
-0.188
-0.027
-0.127
-0.086
-0.039
0.005
-0.034
-0.019
-0.082
0.103
0.007
0.161
-0.061
0.165
-0.056
0.009
0.110
0.115
-0.040
-0.085
-0.147
0.073
-0.133
0.028
-0.058
0.035
-0.138
0.072
-0.088
0.054
0.086
0.048
-0.028
0.127
0.002
-0.014
0.079
0.006
-0.059
-0.074
-0.048
0.036
0.010
-0.089
-0.032
-0.161
0.037
-0.122
-0.004
-0.060
0.066
-0.040
-0.139
-0.026
-0.111
0.022
0.075
0.016
0.064
-0.131
0.113
-0.131
-0.063
-0.023
-0.133
0.054
-0.017
0.108
0.055
0.018
0.055
-0.014
0.110
-0.036
0.041
0.072
0.074
0.039
0.079
-0.030
-0.025
0.023
-0.048
0.027
-0.103
-0.070
0.025
0.029
0.086
0.042
0.002
-0.129
0.011
0.121
0.055
-0.061
-0.041
-0.030
0.030
-0.001
-0.054
0.080
0.059
0.031
-0.014
-0.107
0.009
0.155
-0.117
-0.037
0.039
-0.123
-0.061
0.057
0.154
0.071
-0.011
0.028
0.060
-0.082
-0.065
-0.000
-0.030
0.030
0.000
-0.066
0.030
0.064
0.051
-0.003
-0.023
0.090
-0.055
-0.308
0.110
-0.032
-0.066
0.168
-0.096
0.090
-0.002
0.120
-0.119
0.024
-0.041
-0.198
-0.108
-0.084
0.041
-0.062
0.069
-0.116
-0.017
0.017
0.075
0.022
0.171
0.071
-0.074
-0.070
-0.041
-0.074
-0.044
-0.015
-0.037
0.027
-0.122
-0.126
0.018
-0.002
-0.052
0.011
0.049
-0.121
0.103
0.043
-0.022
0.070
-0.054
-0.139
-0.010
0.011
-0.018
-0.078
-0.007
-0.041
0.033
0.015
0.095
0.060
0.007
-0.038
0.031
0.023
0.079
0.046
-0.060
-0.034
-0.022
-0.010
-0.021
-0.030
-0.051
-0.030
-0.016
0.047
0.102
0.010
-0.114
-0.082
-0.044
0.031
0.053
-0.133
-0.015
-0.094
0.097
-0.018
-0.166
0.070
-0.128
0.050
0.051
-0.246
0.155
0.159
0.113
0.058
-0.040
0.181
0.000
0.009
-0.115
0.020
0.062
-0.059
0.010
-0.061
-0.031
0.027
0.034
-0.026
0.047
-0.093
0.021
0.026
-0.078
0.091
0.174
-0.112
-0.009
-0.042
0.025
0.036
0.086
-0.043
-0.048
-0.146
0.064
-0.042
-0.066
0.055
-0.259
-0.055
0.191
-0.160
-0.011
0.035
-0.122
0.079
0.048
-0.064
0.016
0.071
0.004
-0.007
-0.045
0.091
-0.128
-0.003
0.094
0.138
-0.010
0.063
0.006
0.061
-0.043
-0.092
0.018
0.076
-0.022
0.080
0.017
0.016
0.073
0.172
-0.034
-0.037
0.036
-0.068
-0.015
-0.006
0.029
-0.079
0.104
0.173
0.089
-0.093
0.230
0.002
0.059
0.005
-0.070
0.015
-0.027
-0.092
-0.042
-0.070
0.097
0.060
0.149
0.077
0.050
0.171
-0.066
0.096
0.040
-0.041
-0.012
0.013
-0.042
-0.043
-0.088
0.030
-0.038
0.068
0.036
-0.006
-0.032
0.036
0.034
-0.044
-0.018
-0.163
-0.116
-0.081
0.147
-0.048
-0.236
0.035
-0.149
-0.084
-0.048
-0.153
-0.054
0.129
-0.028
-0.143
-0.276
0.033
0.054
0.040
0.092
0.053
0.052
0.054
-0.093
0.033
-0.041
0.007
-0.120
-0.122
-0.014
0.111
0.065
-0.113
-0.005
0.026
0.029
-0.115
-0.007
0.105
0.054
-0.317
0.160
-0.006
0.117
-0.012
0.099
0.070
0.103
-0.121
-0.039
0.059
-0.005
-0.121
-0.128
0.017
-0.102
0.117
0.021
-0.002
-0.064
0.010
0.053
-0.157
0.051
-0.024
0.073
-0.038
0.113
-0.007
0.159
0.061
-0.084
-0.079
-0.061
-0.081
-0.041
0.020
-0.056
0.019
0.046
-0.084
-0.086
-0.058
0.010
-0.105
-0.017
-0.080
-0.087
0.103
-0.036
0.041
0.053
0.046
-0.047
-0.001
0.052
0.065
0.003
0.035
-0.116
0.113
0.071
0.139
-0.058
0.058
-0.157
-0.081
-0.094
0.058
0.146
0.059
-0.037
0.031
-0.037
-0.066
0.013
0.120
-0.003
0.102
0.022
-0.227
-0.068
-0.102
0.128
0.016
-0.041
-0.123
-0.099
0.081
-0.062
-0.230
0.139
0.231
0.173
0.027
-0.041
0.107
-0.124
-0.060
-0.075
0.014
-0.023
0.019
-0.016
-0.167
-0.027
0.123
-0.055
0.064
-0.045
-0.009
0.004
0.085
0.128
-0.001
0.033
-0.098
-0.029
-0.087
0.040
-0.035
-0.071
0.133
0.023
-0.050
-0.066
-0.080
-0.030
-0.146
-0.144
0.114
0.185
-0.020
-0.073
-0.046
0.057
-0.025
0.123
0.067
-0.098
0.151
-0.031
-0.065
0.001
0.159
-0.078
0.072
0.198
0.001
0.028
0.007
-0.053
-0.011
0.001
-0.110
-0.051
0.093
-0.140
-0.135
0.118
-0.105
-0.075
0.045
0.119
0.050
-0.032
-0.010
-0.020
0.002
0.145
-0.002
-0.002
0.029
-0.018
0.031
0.215
0.018
-0.049
0.029
-0.114
-0.087
0.034
-0.130
-0.118
-0.036
0.022
-0.029
0.006
0.013
0.013
0.063
-0.086
0.083
0.061
0.008
0.095
0.028
0.003
0.051
0.028
-0.143
0.068
-0.094
0.074
-0.095
0.057
-0.060
-0.100
0.139
0.110
-0.108
0.060
0.012
-0.136
-0.017
-0.085
0.029
0.018
-0.069
-0.076
-0.056
0.026
-0.143
-0.032
-0.087
-0.144
-0.071
0.022
0.087
0.120
0.053
0.020
0.003
-0.050
0.051
-0.160
0.033
-0.082
-0.071
-0.005
-0.089
-0.011
0.030
0.017
-0.108
0.063
-0.045
-0.080
-0.036
0.129
-0.093
0.152
0.041
0.011
0.140
0.160
0.105
0.058
0.017
-0.154
0.186
-0.114
-0.137
-0.210
0.116
-0.056
0.210
-0.071
0.045
-0.158
-0.001
-0.105
-0.118
0.155
0.142
-0.018
0.076
-0.020
0.134
0.106
0.063
-0.167
0.060
0.015
-0.018
-0.013
-0.039
-0.010
-0.015
0.116
-0.122
-0.015
-0.086
0.031
-0.083
0.033
-0.034
-0.057
-0.104
-0.032
-0.028
-0.039
-0.084
-0.043
0.055
-0.014
0.004
0.031
-0.016
-0.036
0.009
-0.148
-0.073
0.005
0.090
-0.040
-0.099
0.065
0.009
0.108
0.027
0.056
0.043
0.059
-0.022
-0.005
0.172
0.066
0.067
-0.057
0.044
-0.024
-0.105
-0.039
0.167
-0.034
-0.016
-0.032
0.107
0.007
-0.241
0.027
0.239
0.183
-0.105
-0.000
0.044
-0.176
0.003
-0.061
0.033
-0.012
-0.104
-0.003
-0.070
0.127
-0.021
-0.014
-0.033
-0.054
-0.040
0.012
0.094
0.162
-0.056
0.117
-0.125
-0.116
-0.005
-0.002
-0.087
-0.051
0.074
0.047
-0.098
-0.013
-0.090
-0.057
0.031
-0.055
0.033
-0.007
-0.100
-0.098
-0.157
0.108
-0.028
0.206
0.057
0.021
0.176
-0.080
-0.110
0.130
0.213
-0.042
0.008
0.039
0.030
0.056
-0.137
0.083
0.052
0.058
-0.110
0.040
0.017
-0.078
-0.010
0.089
0.075
0.034
-0.046
0.058
0.058
0.035
-0.156
0.007
-0.066
0.102
-0.019
-0.052
0.016
0.024
0.075
0.173
-0.060
0.103
-0.169
-0.072
-0.044
-0.110
-0.019
0.037
-0.070
-0.056
-0.005
0.127
-0.076
-0.063
-0.070
0.002
-0.192
0.005
-0.017
-0.032
-0.016
-0.072
0.030
-0.036
-0.037
-0.005
-0.128
-0.063
-0.155
0.073
0.055
-0.070
0.024
0.090
-0.158
0.000
0.141
0.012
0.072
-0.033
-0.092
0.094
-0.031
-0.049
0.048
0.079
-0.021
-0.078
0.068
-0.096
0.069
0.051
0.013
0.105
-0.022
0.085
0.007
-0.112
0.144
-0.059
-0.036
-0.038
-0.018
-0.013
-0.065
0.102
0.158
0.039
0.120
-0.072
0.049
-0.091
0.003
0.020
-0.155
0.101
0.036
-0.205
0.267
0.039
0.060
0.051
-0.035
0.014
0.199
-0.059
-0.068
-0.194
0.008
-0.086
0.114
-0.124
-0.032
-0.095
-0.103
-0.147
-0.040
0.051
-0.003
-0.091
-0.046
0.188
0.015
0.102
0.027
-0.086
-0.022
0.034
0.079
-0.047
-0.016
-0.061
-0.047
0.197
-0.006
-0.072
-0.268
-0.077
-0.149
0.008
-0.059
0.040
-0.071
-0.016
-0.021
0.017
0.006
-0.003
-0.167
-0.018
-0.002
0.020
-0.048
-0.144
-0.004
0.167
-0.002
0.015
-0.048
0.002
-0.037
0.017
-0.073
0.031
0.012
-0.124
-0.008
-0.102
0.066
0.028
-0.012
-0.078
0.122
-0.154
-0.056
0.089
-0.105
-0.003
0.007
-0.054
-0.129
-0.021
0.082
0.133
-0.042
-0.087
0.147
0.117
-0.033
0.070
0.053
-0.149
-0.021
-0.018
-0.034
-0.090
0.016
0.076
0.008
0.103
-0.223
-0.070
-0.109
-0.013
-0.173
-0.047
-0.148
-0.035
-0.015
0.124
-0.056
-0.153
-0.120
0.030
0.005
-0.034
0.020
0.059
0.073
-0.038
-0.047
0.020
0.061
-0.124
0.129
-0.128
-0.031
-0.179
0.048
0.007
-0.119
-0.140
0.007
0.093
0.211
-0.034
-0.216
-0.188
0.088
0.060
-0.004
0.067
-0.066
-0.026
-0.096
-0.072
-0.025
-0.006
-0.110
0.015
0.091
-0.004
-0.011
0.119
0.081
-0.047
0.083
0.029
-0.072
0.056
-0.075
0.055
-0.041
0.112
-0.097
0.002
0.011
-0.157
-0.070
0.114
0.029
-0.087
-0.149
0.011
-0.051
-0.102
0.116
-0.106
-0.097
-0.098
0.002
0.128
-0.158
-0.014
-0.172
0.030
-0.214
-0.013
-0.104
-0.108
0.004
-0.039
0.009
-0.038
0.046
0.124
0.015
0.069
-0.054
0.101
-0.042
-0.030
0.128
-0.032
-0.029
0.042
0.151
-0.100
0.077
0.148
-0.047
0.061
0.027
0.036
0.103
-0.020
-0.110
0.023
-0.053
-0.062
-0.083
0.107
0.043
0.076
-0.038
-0.099
-0.095
0.021
0.069
-0.066
-0.059
0.125
0.017
-0.107
-0.092
0.006
0.061
0.044
-0.026
0.041
-0.118
-0.008
-0.028
-0.012
-0.151
0.204
0.016
-0.202
0.277
0.028
0.197
-0.035
0.011
-0.142
0.099
0.018
-0.207
-0.013
-0.119
0.030
0.087
0.250
-0.105
0.063
-0.091
-0.195
0.050
-0.003
-0.021
0.032
-0.083
0.027
-0.094
0.118
0.004
-0.049
-0.072
0.054
0.054
-0.097
-0.015
-0.082
0.000
0.103
-0.115
0.006
-0.066
0.058
-0.108
0.111
-0.007
0.133
-0.032
-0.062
-0.002
-0.009
-0.032
-0.071
0.023
0.156
-0.092
0.122
0.072
-0.077
0.018
0.077
0.024
-0.048
-0.009
-0.011
0.055
0.068
-0.114
-0.033
0.020
-0.020
-0.074
-0.056
0.052
0.136
-0.020
0.034
0.093
-0.366
-0.035
0.066
0.076
0.084
0.066
0.102
-0.067
-0.094
0.001
0.168
0.066
-0.020
0.086
0.116
0.038
-0.098
-0.014
0.023
-0.012
-0.052
-0.088
0.070
-0.034
-0.169
-0.068
0.048
-0.116
0.024
-0.113
0.106
-0.098
0.138
0.152
0.074
-0.038
-0.031
0.024
-0.165
-0.001
0.009
-0.010
-0.077
-0.024
-0.017
0.008
-0.059
0.036
-0.057
-0.069
-0.226
0.128
-0.049
0.009
-0.109
0.120
-0.103
0.067
0.038
0.107
-0.171
-0.023
0.000
-0.197
-0.099
0.050
-0.115
0.043
0.068
0.067
0.005
0.099
-0.121
0.066
0.032
-0.023
0.007
0.067
-0.029
0.065
-0.077
0.019
-0.064
-0.005
0.055
-0.059
-0.053
0.031
0.061
-0.024
0.060
-0.036
-0.019
-0.043
-0.078
-0.063
-0.012
0.020
-0.072
-0.036
0.124
-0.011
0.047
0.123
-0.016
0.004
0.016
-0.026
0.024
-0.050
0.107
0.064
-0.028
-0.032
0.024
-0.059
-0.045
0.036
-0.070
0.060
-0.061
0.101
0.029
-0.017
0.015
-0.075
-0.004
-0.017
0.009
-0.053
0.151
-0.019
-0.026
-0.114
-0.026
-0.053
0.045
0.013
-0.085
-0.000
0.050
0.094
-0.027
-0.030
-0.074
0.007
-0.136
-0.131
0.188
0.021
0.038
-0.094
0.022
-0.104
0.028
-0.008
0.044
0.023
0.048
-0.090
-0.041
-0.140
-0.014
-0.045
0.007
0.025
-0.068
-0.001
0.005
-0.004
0.018
-0.211
-0.004
0.048
-0.022
0.093
0.063
0.121
-0.127
0.048
-0.115
0.025
0.049
-0.008
-0.079
-0.126
-0.178
-0.067
0.265
-0.064
0.023
0.066
-0.218
0.163
-0.101
-0.016
-0.105
-0.081
0.122
-0.140
0.022
0.114
-0.036
-0.028
0.055
0.134
-0.035
0.044
0.082
-0.053
0.022
-0.112
0.053
0.029
-0.077
0.034
-0.105
0.023
0.021
-0.175
-0.018
-0.023
-0.006
0.086
-0.066
-0.102
-0.026
-0.059
0.004
-0.009
0.013
0.118
0.033
0.024
0.018
-0.098
-0.088
0.008
0.050
0.029
0.015
-0.063
-0.004
0.154
-0.050
-0.063
-0.085
0.154
-0.097
-0.247
-0.086
0.022
0.120
0.001
0.064
0.197
0.087
0.063
-0.017
0.110
-0.075
-0.092
0.085
0.251
-0.039
0.039
-0.017
0.164
-0.020
-0.014
-0.084
-0.018
0.009
-0.046
0.078
-0.106
0.088
-0.068
-0.087
-0.080
-0.031
-0.095
0.084
0.056
0.008
-0.088
0.011
-0.080
-0.084
-0.074
-0.036
-0.063
0.021
0.038
-0.055
-0.145
-0.011
-0.054
-0.023
-0.055
-0.178
0.181
-0.076
0.054
0.050
-0.028
-0.052
-0.006
-0.072
-0.075
-0.018
0.045
0.045
-0.025
-0.033
-0.101
-0.056
-0.021
0.064
-0.011
0.004
-0.052
0.054
-0.163
0.020
-0.252
0.051
-0.114
-0.009
-0.010
0.026
-0.082
-0.096
0.144
-0.086
-0.068
-0.141
-0.002
0.010
0.033
0.089
0.110
0.022
0.022
-0.065
0.126
0.009
-0.058
-0.060
-0.059
0.075
-0.094
-0.093
-0.028
-0.007
0.037
0.169
-0.017
0.146
-0.018
-0.003
-0.033
-0.097
0.340
0.087
-0.025
0.014
-0.028
-0.094
0.093
-0.074
0.078
0.063
-0.055
-0.060
0.095
-0.013
-0.044
-0.088
0.014
-0.008
0.028
-0.050
-0.107
-0.030
0.036
-0.007
0.024
-0.024
-0.070
-0.066
-0.008
-0.041
-0.002
0.025
0.022
-0.054
-0.095
0.154
0.020
0.088
-0.006
0.015
0.103
-0.072
-0.107
-0.054
-0.031
-0.112
0.113
0.025
0.053
-0.036
0.017
0.040
0.036
0.082
-0.130
0.009
0.028
-0.017
-0.277
-0.074
-0.056
0.035
0.097
0.072
0.106
0.059
-0.233
-0.038
0.124
-0.011
-0.042
0.001
0.063
0.010
0.010
0.014
0.036
0.092
-0.090
-0.072
-0.148
0.157
0.132
0.026
-0.054
0.094
0.120
0.165
-0.029
-0.165
-0.048
-0.058
-0.148
0.018
-0.065
-0.012
0.058
-0.016
0.108
0.023
0.113
0.083
-0.092
0.044
-0.145
0.049
0.021
-0.164
0.159
0.045
-0.037
-0.042
0.105
0.041
0.115
0.048
0.049
-0.051
-0.046
-0.085
0.033
-0.079
-0.016
0.089
-0.003
-0.016
-0.104
0.138
0.025
0.170
0.034
-0.024
-0.002
-0.064
0.140
0.056
-0.042
0.115
-0.039
0.206
-0.005
0.046
0.058
-0.113
0.061
-0.085
0.143
-0.034
-0.181
0.011
0.223
0.127
-0.027
0.031
0.157
-0.134
-0.176
-0.023
-0.046
0.021
-0.028
-0.048
-0.107
0.012
-0.202
0.077
-0.103
-0.015
0.054
0.163
-0.011
-0.033
-0.189
-0.004
-0.124
-0.046
-0.037
0.161
0.036
-0.008
0.219
-0.206
0.000
-0.168
-0.009
-0.144
-0.146
-0.092
-0.020
-0.160
0.023
-0.147
-0.045
0.149
-0.004
0.017
-0.070
-0.025
0.075
-0.137
-0.132
-0.050
-0.024
0.106
0.054
0.227
-0.042
0.062
0.018
-0.087
-0.130
0.017
-0.080
0.086
-0.052
0.117
-0.100
-0.029
-0.038
0.037
-0.107
0.018
-0.031
-0.105
-0.020
-0.001
-0.096
0.053
-0.032
0.003
0.009
0.076
0.041
0.033
-0.004
-0.040
0.067
0.039
-0.137
-0.073
0.117
-0.024
-0.052
-0.005
0.036
0.111
-0.024
-0.204
-0.025
-0.069
-0.062
0.059
-0.153
0.019
-0.035
0.000
0.013
-0.055
-0.005
-0.026
0.104
-0.115
-0.059
-0.118
0.080
0.063
0.108
0.065
-0.074
-0.046
0.064
-0.076
-0.042
-0.069
-0.058
-0.010
0.008
-0.087
-0.023
-0.087
-0.008
-0.048
-0.014
-0.049
0.069
0.058
0.021
0.071
0.036
0.036
0.013
-0.048
0.031
-0.134
0.142
-0.106
-0.021
0.005
-0.077
0.042
-0.016
0.049
0.027
0.079
-0.105
0.216
0.086
0.034
-0.185
0.031
0.049
0.045
0.130
0.037
0.003
-0.058
0.024
-0.085
0.100
-0.135
-0.017
0.052
0.083
0.051
0.115
0.085
-0.053
-0.013
-0.007
-0.122
-0.141
-0.016
0.027
0.143
-0.017
0.067
0.079
0.159
-0.110
-0.189
0.028
-0.042
0.004
0.064
-0.030
-0.098
0.102
-0.004
0.126
0.065
0.022
-0.060
-0.120
-0.045
-0.068
-0.076
0.022
-0.057
0.000
0.054
0.069
0.050
-0.092
0.016
-0.037
0.123
-0.020
0.037
0.093
0.075
-0.084
-0.122
0.056
0.128
0.028
-0.025
-0.087
-0.021
0.022
0.064
0.062
-0.029
-0.037
0.069
-0.022
0.134
0.188
0.008
0.015
0.084
-0.036
0.018
0.112
-0.085
0.019
-0.091
0.220
0.005
-0.182
-0.018
0.119
0.079
-0.047
-0.029
0.052
-0.146
0.021
-0.008
-0.151
0.017
-0.116
0.017
-0.020
-0.037
-0.118
0.077
0.009
0.015
0.071
0.223
0.108
0.027
0.057
-0.031
0.010
-0.136
0.102
0.026
0.011
-0.040
-0.028
0.009
-0.089
0.032
-0.118
-0.049
0.034
-0.253
0.015
-0.088
-0.121
-0.102
-0.075
0.177
0.117
-0.032
0.051
0.111
-0.002
-0.037
-0.176
0.049
0.153
-0.018
0.021
0.101
-0.064
0.066
-0.153
0.022
-0.041
0.028
0.025
0.000
-0.005
0.066
0.013
0.065
0.077
-0.046
-0.161
0.020
-0.008
0.003
-0.005
-0.020
-0.033
0.096
0.025
-0.010
0.015
0.086
-0.048
0.225
0.035
-0.094
-0.084
0.091
-0.216
0.031
0.093
-0.061
-0.034
0.087
-0.005
-0.009
-0.052
-0.240
0.108
0.026
-0.120
0.029
0.007
-0.103
-0.011
-0.104
0.152
-0.007
0.023
-0.070
0.038
-0.004
-0.062
0.074
-0.149
-0.094
-0.137
0.077
-0.151
-0.010
-0.027
-0.015
-0.011
-0.107
0.020
0.041
0.068
0.019
-0.034
0.061
0.093
0.079
0.097
0.003
-0.057
0.192
0.069
0.073
0.116
-0.006
0.047
0.011
0.076
-0.104
0.163
0.099
0.056
0.029
-0.039
0.005
0.090
-0.138
-0.160
0.013
-0.093
0.032
0.036
0.064
-0.086
-0.070
0.021
-0.163
0.087
0.073
-0.114
-0.125
-0.032
-0.114
0.014
0.042
0.107
0.063
0.157
0.026
0.041
0.079
-0.042
0.007
0.110
-0.047
0.026
-0.053
0.039
0.227
0.076
-0.002
-0.029
0.169
-0.175
-0.156
0.060
-0.094
-0.021
-0.012
-0.105
0.029
-0.167
-0.069
-0.179
0.111
-0.082
0.017
-0.131
0.027
-0.102
0.026
0.012
-0.051
0.016
0.009
0.034
-0.041
-0.057
-0.067
0.011
-0.045
-0.048
-0.055
0.002
0.068
0.111
0.102
0.028
0.036
-0.031
-0.020
0.001
0.095
0.124
-0.128
-0.073
-0.021
-0.050
-0.098
-0.056
0.089
0.120
-0.166
-0.079
0.110
-0.102
0.143
-0.005
0.090
-0.026
-0.095
0.119
0.044
-0.168
0.049
-0.054
0.091
-0.131
0.085
0.046
0.010
0.056
0.024
-0.001
-0.056
-0.023
0.019
-0.075
-0.061
-0.094
-0.107
-0.035
0.001
0.136
-0.017
0.020
-0.097
0.033
-0.015
-0.092
-0.106
-0.092
-0.010
0.118
0.121
0.002
-0.046
-0.043
-0.084
-0.129
-0.069
0.096
-0.163
0.040
0.014
-0.019
-0.003
0.096
0.212
-0.020
-0.044
-0.025
0.044
0.020
-0.009
-0.072
0.026
0.040
0.040
0.077
0.082
0.111
0.057
-0.057
-0.021
-0.108
0.026
-0.108
-0.066
-0.064
-0.042
-0.128
-0.083
0.085
0.032
-0.036
0.046
0.002
0.019
-0.027
-0.001
-0.006
0.031
0.013
-0.029
0.073
0.071
-0.143
0.135
0.009
-0.012
-0.251
0.072
0.085
0.139
0.037
-0.012
0.026
0.006
-0.077
-0.062
-0.088
-0.005
0.004
0.029
-0.203
0.034
0.036
-0.014
0.110
-0.062
-0.001
0.129
0.047
0.032
0.063
0.033
-0.075
-0.006
0.024
0.041
0.045
0.144
-0.032
0.061
-0.101
-0.040
0.098
-0.029
-0.059
0.027
0.059
-0.014
0.057
-0.011
0.092
-0.130
-0.028
-0.092
0.080
-0.021
-0.124
-0.008
-0.017
-0.074
-0.065
-0.139
0.095
-0.231
-0.064
-0.022
0.035
0.003
-0.090
-0.006
0.133
-0.105
-0.199
-0.031
-0.116
0.130
-0.049
0.102
-0.206
-0.079
-0.028
-0.036
0.071
0.042
0.041
-0.136
0.009
-0.121
-0.030
-0.002
0.060
0.130
0.038
-0.101
0.032
0.161
-0.021
-0.006
0.139
0.065
0.044
-0.236
0.041
0.161
-0.007
0.026
-0.137
-0.015
-0.081
0.059
0.148
0.088
-0.030
-0.032
-0.029
0.083
-0.027
-0.067
0.052
-0.037
-0.065
0.017
-0.150
-0.059
-0.092
-0.068
0.075
-0.202
-0.128
-0.059
-0.025
0.057
-0.086
-0.076
0.134
-0.037
0.033
0.157
-0.018
0.022
0.060
0.064
-0.060
0.034
0.010
-0.088
0.077
-0.027
-0.086
-0.023
0.076
-0.018
-0.035
0.072
-0.104
0.041
0.139
-0.178
-0.116
0.126
-0.003
0.029
0.030
-0.068
-0.006
0.005
0.119
0.048
-0.053
-0.006
0.108
0.102
0.011
0.088
0.167
-0.025
0.021
0.073
-0.033
-0.038
0.051
-0.068
-0.084
-0.097
-0.077
-0.000
-0.072
0.102
-0.043
0.029
0.167
0.038
0.058
0.020
0.024
-0.151
-0.026
-0.027
0.069
0.132
-0.090
0.022
0.022
-0.031
-0.035
-0.056
-0.079
-0.084
-0.050
0.041
-0.029
-0.055
0.083
0.248
-0.042
0.039
-0.013
0.015
0.010
-0.148
-0.079
-0.001
0.047
-0.051
0.081
0.054
0.060
0.040
-0.036
-0.063
-0.063
-0.027
0.013
0.008
0.147
-0.012
0.030
-0.002
0.063
-0.012
0.062
0.009
-0.097
-0.080
0.124
0.142
0.078
-0.048
0.130
-0.056
-0.058
-0.021
-0.027
0.044
0.096
-0.048
-0.067
0.105
0.010
0.085
0.094
0.017
-0.073
0.062
-0.028
-0.109
-0.203
-0.029
0.082
0.028
-0.098
-0.154
-0.079
-0.028
0.002
-0.049
0.070
-0.111
-0.064
-0.049
-0.065
0.018
-0.122
-0.006
-0.006
-0.026
-0.036
0.104
-0.057
0.071
0.024
0.014
0.064
0.024
-0.067
0.046
0.104
-0.098
0.059
0.074
-0.034
-0.039
0.051
0.022
-0.132
0.059
0.082
-0.035
-0.115
-0.025
0.134
0.008
0.006
0.026
-0.018
-0.055
-0.119
0.042
-0.041
-0.079
0.132
0.031
-0.039
-0.053
-0.066
0.077
0.044
0.053
-0.128
-0.132
0.004
0.165
0.117
0.011
-0.009
-0.146
-0.083
0.036
-0.037
-0.084
0.076
0.004
-0.119
-0.122
0.019
0.176
-0.019
0.062
0.084
0.183
0.119
-0.119
-0.071
0.088
0.052
0.058
-0.093
0.067
-0.057
-0.047
0.053
0.024
-0.057
-0.025
-0.081
-0.042
-0.102
0.017
-0.033
0.040
-0.058
0.015
-0.075
-0.114
-0.021
0.016
-0.004
-0.042
0.045
0.053
0.036
0.031
-0.094
-0.013
-0.042
0.078
-0.050
0.058
-0.052
-0.041
-0.026
-0.038
0.071
0.003
0.051
0.107
-0.034
0.041
0.052
0.075
-0.134
0.000
