-0.002
-0.002
-0.001
-0.007
-0.001
-0.001
-0.014
-0.009
-0.000
-0.010
-0.001
-0.002
-0.002
-0.004
-0.009
-0.002
-0.000
-0.004
-0.003
-0.011
-0.000
-0.000
-0.001
-0.001
-0.005
-0.010
-0.001
-0.005
-0.006
-0.002
-0.004
-0.002
-0.005
-0.004
-0.002
-0.007
-0.015
-0.001
-0.002
-0.006
-0.001
-0.001
-0.004
-0.003
-0.001
-0.003
-0.005
-0.004
-0.000
-0.001
-0.009
-0.006
-0.002
-0.001
-0.002
-0.008
-0.001
-0.004
-0.002
-0.005
-0.008
-0.004
-0.006
-0.008
-0.009
-0.001
-0.001
-0.001
-0.004
-0.005
-0.013
-0.001
-0.006
-0.001
-0.001
-0.001
-0.001
-0.001
-0.002
-0.001
-0.000
-0.002
-0.004
-0.002
-0.003
-0.002
-0.005
-0.000
-0.000
-0.001
-0.004
-0.003
-0.000
-0.001
-0.006
-0.001
-0.003
-0.002
-0.001
-0.001
