-0.042
-0.097
0.040
0.027
0.082
0.010
0.127
0.073
0.031
-0.179
-0.022
-0.067
0.123
0.103
-0.016
-0.055
-0.032
0.003
0.001
-0.031
-0.057
-0.002
-0.033
-0.073
0.009
0.025
-0.039
0.007
0.147
0.027
-0.114
-0.143
0.058
0.033
0.091
0.272
-0.055
-0.016
-0.090
0.115
0.120
-0.087
-0.196
0.199
-0.173
-0.066
0.055
0.029
0.068
0.131
-0.092
-0.108
0.233
0.119
-0.295
0.142
0.025
-0.254
0.242
0.169
0.301
-0.049
-0.297
-0.159
-0.084
-0.041
0.355
0.169
-0.192
0.130
-0.144
-0.144
-0.024
0.116
0.346
0.103
-0.191
-0.077
-0.094
0.280
0.017
0.024
-0.185
0.294
-0.066
0.156
-0.009
-0.186
0.153
-0.119
0.061
0.044
-0.013
-0.209
-0.010
0.191
0.318
0.041
0.032
-0.350
-0.015
0.007
0.059
-0.037
0.064
-0.156
-0.063
-0.019
0.253
-0.058
0.151
-0.033
0.041
0.069
-0.060
0.076
-0.156
0.246
-0.061
-0.103
-0.100
0.036
0.165
-0.102
0.063
-0.374
-0.188
0.294
0.292
0.083
0.110
0.104
0.118
-0.097
-0.087
-0.110
-0.028
0.069
-0.068
0.045
-0.234
0.143
-0.058
-0.181
0.171
0.238
0.002
-0.083
0.112
0.118
0.151
0.007
-0.045
0.037
0.068
-0.069
-0.084
-0.108
-0.003
0.067
-0.306
-0.260
-0.005
0.078
0.279
0.102
0.059
0.219
-0.082
0.047
0.034
-0.078
0.247
0.110
0.099
-0.164
-0.075
-0.092
0.040
0.005
-0.085
-0.056
0.042
-0.130
0.100
0.292
-0.096
0.154
-0.044
-0.092
0.065
0.238
0.111
-0.030
0.067
0.048
0.112
-0.079
-0.072
-0.220
0.059
0.026
-0.011
0.042
0.057
-0.041
-0.006
-0.063
0.043
-0.094
0.005
0.008
0.024
0.029
-0.004
-0.026
0.001
-0.018
0.003
-0.021
-0.030
0.303
-0.090
-0.111
0.084
-0.200
-0.119
0.139
-0.211
0.357
0.235
-0.060
-0.030
0.087
-0.066
-0.087
0.152
-0.245
0.307
-0.157
-0.102
-0.033
0.081
-0.103
0.141
-0.180
0.069
0.062
-0.095
0.264
0.055
0.257
0.232
0.163
-0.020
-0.074
-0.015
-0.003
-0.218
-0.311
-0.119
-0.002
-0.066
0.047
0.005
-0.087
0.145
-0.014
0.068
0.038
-0.143
0.010
-0.017
0.090
0.137
0.219
-0.145
-0.192
0.001
0.167
0.049
-0.109
-0.098
-0.184
0.331
0.059
-0.123
-0.083
0.157
0.180
0.089
-0.186
0.157
0.102
-0.160
0.133
-0.057
-0.113
-0.028
0.239
-0.106
0.030
0.330
-0.112
-0.003
0.070
-0.115
0.006
-0.071
-0.001
-0.008
0.001
-0.078
-0.039
0.067
0.078
-0.069
0.045
-0.003
0.029
-0.104
-0.153
-0.054
0.236
-0.028
0.203
-0.048
-0.080
-0.086
0.196
-0.190
0.086
0.114
0.167
0.061
0.106
-0.219
0.160
-0.239
0.048
0.024
-0.093
0.012
-0.066
-0.116
0.204
0.126
-0.139
0.356
-0.055
-0.001
0.039
0.078
0.004
0.091
0.029
0.045
-0.093
-0.194
0.085
0.250
0.038
-0.187
-0.207
-0.253
0.337
0.322
-0.075
-0.196
0.111
0.000
0.139
0.195
-0.171
0.092
-0.199
-0.104
0.121
-0.036
0.022
0.047
-0.177
0.214
0.020
-0.259
0.129
0.059
0.046
0.156
-0.080
0.024
0.099
0.167
0.148
-0.046
-0.019
-0.053
-0.133
-0.042
-0.103
-0.083
0.004
-0.029
0.137
-0.093
-0.055
-0.000
-0.019
0.114
0.056
0.171
0.173
-0.094
-0.001
-0.071
-0.053
-0.075
0.235
0.011
-0.235
0.040
0.111
-0.019
-0.259
-0.037
0.014
0.056
0.085
-0.055
0.097
-0.256
-0.043
0.133
0.215
-0.213
0.145
0.253
0.186
0.059
-0.369
0.223
-0.120
0.144
0.047
-0.155
-0.082
-0.252
0.047
0.197
0.095
0.015
0.161
-0.138
0.114
-0.002
0.138
-0.028
0.028
-0.131
-0.060
0.028
0.122
-0.097
0.138
-0.198
0.081
-0.005
0.054
-0.118
0.045
0.062
0.112
-0.070
-0.120
0.246
0.044
-0.124
0.096
-0.099
-0.077
-0.004
-0.009
0.003
-0.003
0.004
-0.003
0.000
0.005
0.012
-0.005
-0.095
0.148
0.015
0.222
0.019
-0.139
-0.148
0.197
-0.070
-0.043
0.330
-0.118
-0.131
-0.005
-0.134
0.224
0.046
0.198
-0.136
-0.123
0.054
-0.202
-0.050
0.233
0.038
0.038
0.164
-0.248
-0.083
0.168
-0.004
-0.143
0.262
0.150
-0.216
-0.304
-0.090
0.039
0.306
0.156
-0.150
-0.074
0.052
0.025
-0.221
0.101
0.215
0.071
0.276
-0.097
-0.022
-0.135
0.085
-0.046
0.099
-0.045
0.196
-0.101
0.340
-0.223
-0.100
0.134
0.245
0.006
-0.117
-0.034
-0.018
0.305
-0.104
-0.196
0.047
-0.011
-0.030
0.007
0.042
-0.036
-0.024
-0.016
0.066
-0.043
0.012
-0.142
-0.226
-0.017
0.173
-0.123
0.241
-0.151
0.071
0.277
0.196
-0.003
0.097
-0.185
0.134
-0.048
-0.159
-0.122
0.157
0.025
-0.080
0.018
-0.049
0.008
0.178
-0.062
-0.069
-0.106
-0.030
0.245
-0.004
-0.013
0.011
-0.063
-0.119
0.075
0.278
0.013
-0.038
0.047
0.017
-0.074
-0.003
-0.024
-0.071
0.059
-0.071
0.013
0.007
0.180
0.166
-0.083
0.000
0.073
-0.251
0.202
-0.177
0.026
-0.060
0.165
0.283
0.065
0.205
-0.137
0.120
-0.105
-0.107
-0.116
-0.126
0.024
0.051
0.210
0.413
-0.172
-0.011
-0.041
0.206
-0.056
0.077
-0.389
0.018
0.007
-0.013
0.002
0.006
0.032
-0.025
0.021
-0.022
-0.024
-0.028
0.189
-0.036
-0.247
0.258
-0.190
0.007
-0.001
0.211
-0.030
-0.229
0.012
-0.204
0.252
-0.008
0.093
-0.154
0.057
0.115
0.225
-0.065
0.015
-0.081
0.046
-0.095
0.245
-0.128
0.051
-0.077
0.129
-0.071
-0.090
-0.028
-0.038
0.152
0.030
-0.169
-0.114
0.178
0.321
0.190
-0.126
0.144
0.118
0.141
-0.016
0.199
-0.279
-0.244
0.014
0.111
-0.045
0.058
-0.029
0.011
-0.096
-0.002
-0.020
0.056
-0.031
0.072
-0.036
0.019
0.103
-0.081
0.147
-0.005
-0.037
-0.131
-0.024
-0.164
0.021
-0.137
-0.039
0.122
0.234
0.039
-0.273
0.432
0.040
0.036
0.007
-0.033
0.039
-0.107
0.039
0.028
-0.023
0.017
0.011
0.109
0.066
-0.039
0.194
-0.182
-0.232
-0.114
0.185
-0.010
0.167
0.001
-0.082
0.064
0.203
-0.055
-0.164
-0.058
0.286
-0.047
-0.048
0.103
0.062
-0.001
0.009
-0.115
0.005
0.086
-0.179
0.082
0.006
0.010
-0.135
0.125
-0.049
-0.155
0.195
-0.108
0.064
0.138
0.063
0.032
-0.053
-0.031
0.186
0.039
-0.101
-0.132
-0.048
0.086
0.037
-0.001
-0.009
-0.004
0.087
0.026
-0.102
-0.026
0.091
-0.022
-0.029
-0.133
0.140
0.048
-0.110
0.229
0.026
0.019
0.195
-0.061
-0.225
-0.079
0.224
-0.064
-0.085
0.269
-0.017
-0.056
0.024
-0.091
0.044
-0.183
0.205
-0.058
0.072
0.042
0.026
-0.106
0.284
-0.113
-0.031
-0.014
0.142
-0.062
-0.085
0.164
-0.011
0.014
0.089
-0.123
-0.062
-0.072
0.096
-0.038
0.112
0.114
-0.073
-0.032
0.009
-0.090
-0.006
0.087
0.065
0.121
-0.043
0.069
0.052
0.017
-0.182
0.005
-0.099
0.034
-0.002
-0.026
-0.013
0.004
-0.004
-0.013
-0.003
0.026
-0.002
-0.279
-0.130
-0.123
0.291
-0.084
0.085
-0.067
-0.019
0.373
0.100
-0.196
-0.035
-0.122
0.377
0.081
0.153
-0.153
-0.160
0.084
0.032
0.057
-0.247
-0.102
-0.203
0.404
0.005
-0.219
0.240
-0.040
0.263
0.077
-0.019
0.004
0.050
-0.036
-0.129
0.045
-0.166
0.264
-0.005
0.039
0.019
0.037
0.035
-0.011
0.007
-0.023
0.005
-0.020
-0.081
0.091
-0.015
0.018
-0.027
-0.004
-0.027
-0.042
-0.026
0.077
-0.037
0.102
-0.099
0.222
-0.125
0.146
-0.108
-0.234
0.136
-0.046
0.157
-0.245
0.197
-0.217
0.171
-0.070
0.169
-0.026
0.033
0.166
-0.044
-0.102
0.116
-0.042
0.155
-0.045
-0.008
-0.067
0.234
-0.223
0.088
0.221
-0.089
0.089
-0.253
-0.138
0.039
0.046
-0.023
0.112
0.052
0.053
-0.012
0.028
0.033
-0.029
-0.008
-0.039
0.016
-0.026
-0.011
0.048
-0.024
0.074
0.090
0.044
-0.050
-0.041
-0.022
0.070
-0.169
