-0.014
-0.002
-0.002
-0.011
-0.011
-0.012
-0.002
-0.004
-0.006
-0.003
-0.002
-0.002
-0.004
-0.004
-0.018
-0.017
-0.006
-0.014
-0.004
-0.010
-0.011
-0.013
-0.015
-0.016
-0.012
-0.012
-0.002
-0.006
-0.017
-0.009
-0.001
-0.014
-0.013
-0.017
-0.008
-0.010
-0.014
-0.006
-0.003
-0.007
-0.012
-0.025
-0.002
-0.003
-0.004
-0.023
-0.009
-0.008
-0.006
-0.005
-0.007
-0.008
-0.019
-0.010
-0.000
-0.010
-0.010
-0.001
-0.002
-0.004
-0.005
-0.007
-0.002
-0.001
-0.002
-0.009
-0.019
-0.008
-0.006
-0.010
-0.021
-0.004
-0.011
-0.031
-0.009
-0.017
-0.005
-0.002
-0.017
-0.017
-0.010
-0.003
-0.015
-0.005
-0.002
-0.026
-0.022
-0.004
-0.013
-0.012
-0.002
-0.025
-0.014
-0.016
-0.017
-0.010
-0.000
-0.005
-0.012
-0.022
-0.004
-0.003
-0.011
-0.003
-0.012
-0.005
-0.006
-0.014
-0.013
-0.011
-0.004
-0.004
-0.010
-0.005
-0.030
-0.003
-0.027
-0.004
-0.006
-0.008
-0.004
-0.003
-0.003
-0.007
-0.004
-0.010
-0.028
-0.007
-0.008
-0.015
-0.010
-0.008
-0.006
-0.004
-0.011
-0.024
-0.021
-0.006
-0.017
-0.030
-0.006
-0.003
-0.012
-0.000
-0.010
-0.007
-0.014
-0.007
-0.012
-0.011
-0.016
-0.005
-0.003
-0.028
-0.036
-0.004
-0.002
-0.017
-0.001
-0.005
-0.006
-0.008
-0.003
-0.013
-0.005
-0.005
-0.021
-0.006
-0.002
-0.003
-0.014
-0.032
-0.000
-0.005
-0.011
-0.026
-0.008
-0.011
-0.025
-0.020
-0.007
-0.004
-0.016
-0.015
-0.005
-0.049
-0.006
-0.005
-0.002
-0.004
-0.018
-0.014
-0.000
-0.002
-0.019
-0.005
-0.004
-0.011
-0.002
-0.004
-0.013
-0.005
-0.004
-0.015
-0.031
-0.002
-0.002
-0.015
-0.004
-0.011
-0.004
-0.020
-0.024
-0.040
-0.037
-0.005
-0.002
-0.014
-0.040
-0.016
-0.004
-0.012
-0.015
-0.006
-0.017
-0.005
-0.007
-0.014
-0.004
-0.026
-0.010
-0.003
-0.005
-0.035
-0.005
-0.018
-0.002
-0.013
-0.025
-0.004
-0.008
-0.015
-0.010
-0.006
-0.020
-0.008
-0.008
-0.008
-0.006
-0.017
-0.016
-0.017
-0.022
-0.018
-0.027
-0.005
-0.003
-0.013
-0.008
-0.012
-0.008
-0.008
-0.022
-0.011
-0.019
-0.009
-0.027
-0.002
-0.001
-0.004
-0.010
-0.008
-0.014
-0.020
-0.002
-0.011
-0.004
-0.003
-0.004
-0.011
-0.016
-0.006
-0.027
-0.005
-0.007
-0.000
-0.013
-0.005
-0.004
-0.011
-0.005
-0.005
-0.006
-0.008
-0.017
-0.003
-0.018
-0.004
-0.007
-0.031
