-0.001
-0.040
-0.008
-0.005
-0.008
-0.003
-0.326
-0.010
-0.190
-0.108
-0.071
-0.003
-0.162
-0.001
-0.001
-0.068
-0.004
-0.212
-0.005
-0.296
-0.004
-0.000
-0.007
-0.085
-0.003
-0.006
-0.002
-0.290
-0.069
-0.134
-0.036
-0.001
-0.030
-0.010
-0.026
-0.006
-0.062
-0.000
-0.000
-0.004
-0.380
-0.007
-0.072
-0.002
-0.034
-0.194
-0.230
-0.156
-0.001
-0.004
-0.002
-0.008
-0.415
-0.002
-0.006
-0.266
-0.163
-0.058
-0.247
-0.001
-0.005
-0.366
-0.002
-0.002
-0.002
-0.004
-0.058
-0.182
-0.150
-0.002
-0.004
-0.066
-0.004
-0.198
-0.109
-0.001
-0.154
-0.000
-0.198
-0.005
-0.005
-0.223
-0.003
-0.053
-0.003
-0.003
-0.091
-0.025
-0.001
-0.087
-0.086
-0.091
-0.002
-0.003
-0.188
-0.005
-0.145
-0.001
-0.022
-0.007
