0.129 -0.343 -0.069 0.121 -0.137 0.116 0.100 -0.045 0.472 0.150
0.190 0.031 -0.193 0.389 0.022 0.339 -0.385 0.191 0.188 0.223
-0.196 0.191 0.264 0.332 0.066 0.156 -0.509 0.173 0.250 -0.259
0.071 0.136 0.145 0.117 0.362 -0.025 -0.732 0.291 0.202 0.440
-0.010 -0.563 0.093 0.188 -0.062 0.178 0.272 0.152 -0.135 0.208
-0.004 0.013 0.122 0.308 0.272 0.023 0.335 -0.353 0.083 -0.119
-0.394 0.042 0.298 0.515 0.007 -0.123 -0.085 0.424 -0.263 -0.279
-0.222 -0.275 -0.380 0.105 0.432 0.089 -0.099 0.578 -0.181 0.365
-0.128 0.310 0.053 0.397 -0.004 0.424 -0.269 0.032 0.171 -0.218
-0.010 0.240 0.132 0.065 -0.617 0.106 0.212 0.338 0.176 -0.093
0.407 -0.263 -0.038 0.154 -0.365 0.213 0.229 -0.011 -0.001 0.192
0.254 0.072 -0.157 -0.229 0.077 -0.150 -0.019 -0.006 0.079 0.067
-0.000 -0.042 -0.323 -0.136 -0.180 0.514 0.252 -0.154 0.012 0.259
0.266 -0.084 -0.062 -0.219 0.115 -0.458 0.099 0.320 0.186 0.166
-0.177 0.027 -0.028 -0.291 -0.045 0.091 0.047 0.028 0.644 -0.273
-0.177 0.269 0.339 -0.184 0.283 -0.385 -0.090 0.163 -0.083 0.473
-0.144 -0.270 0.170 0.472 -0.025 -0.510 0.057 0.019 0.404 0.210
-0.141 0.023 0.522 0.392 -0.166 -0.317 -0.106 0.331 -0.195 -0.451
-0.036 -0.430 0.299 -0.208 0.075 -0.087 0.386 0.156 0.265 -0.409
-0.070 0.327 0.291 0.027 -0.113 0.072 0.335 0.275 -0.295 -0.390
-0.270 0.284 0.113 0.079 -0.003 -0.293 -0.402 -0.228 0.410 0.276
0.301 0.195 -0.181 -0.589 0.157 -0.399 0.172 0.124 0.230 0.009
0.384 0.275 -0.085 -0.083 -0.178 0.027 0.262 -0.114 0.188 -0.389
0.030 0.179 -0.084 -0.091 0.185 -0.079 -0.091 0.168 -0.379 0.430
0.101 0.271 -0.246 -0.202 0.140 0.150 0.090 -0.429 0.229 0.337
0.229 -0.372 -0.043 0.343 -0.063 0.199 0.228 -0.282 0.005 0.114
0.141 -0.404 0.273 -0.082 0.530 -0.056 0.212 0.002 -0.248 0.046
0.340 0.335 -0.098 -0.008 -0.504 0.101 -0.227 0.304 0.148 -0.345
0.219 0.314 -0.068 -0.061 0.430 0.093 0.299 -0.013 0.007 -0.456
-0.299 0.482 0.432 -0.050 0.221 0.198 0.092 0.087 -0.111 -0.473
0.302 -0.140 0.357 -0.038 -0.385 0.205 -0.134 -0.355 0.071 0.192
-0.482 0.067 0.322 -0.029 -0.266 -0.280 0.188 0.023 0.395 -0.231
0.326 0.268 -0.203 -0.484 -0.072 -0.266 0.209 0.333 0.056 -0.197
-0.265 -0.052 0.389 -0.182 -0.054 -0.048 -0.145 -0.064 -0.124 0.197
-0.431 0.176 0.247 -0.062 0.270 0.017 -0.415 0.274 -0.048 0.484
0.121 0.165 0.220 0.118 -0.100 -0.378 -0.294 -0.054 0.404 0.217
0.384 0.107 0.079 0.018 0.244 0.020 0.179 -0.335 -0.045 -0.338
0.437 -0.102 -0.088 -0.043 0.038 0.172 0.450 -0.443 0.246 -0.104
-0.117 0.049 -0.264 0.157 0.004 0.435 -0.142 0.048 0.262 0.023
0.201 -0.064 -0.169 -0.328 0.555 -0.270 0.141 -0.106 -0.103 0.578
0.244 0.172 0.288 0.340 -0.160 -0.077 -0.251 0.500 -0.315 -0.227
0.140 0.185 0.153 -0.441 0.489 0.026 -0.109 -0.193 -0.093 0.170
-0.146 0.054 0.046 0.251 -0.169 0.411 -0.052 -0.154 -0.143 0.024
-0.291 -0.523 -0.076 0.312 -0.320 0.389 0.148 -0.007 0.312 0.127
-0.568 0.473 -0.002 0.222 0.071 0.338 -0.214 -0.290 0.110 0.162
0.354 0.329 0.151 0.060 -0.102 -0.319 -0.288 0.175 -0.169 0.146
0.233 0.041 0.271 -0.032 0.207 -0.101 -0.079 0.241 -0.438 -0.130
0.090 0.060 0.127 -0.367 -0.044 0.007 0.078 0.343 0.056 -0.211
-0.144 -0.103 0.112 0.034 0.290 -0.092 0.051 -0.163 0.380 0.114
0.146 -0.156 0.258 0.082 0.001 -0.216 0.369 -0.292 0.057 0.214
-0.372 -0.006 -0.305 0.436 0.554 0.204 -0.285 0.307 0.242 0.436
-0.062 0.027 0.070 0.015 -0.021 0.054 -0.130 -0.065 -0.062 0.013
0.194 0.201 0.141 -0.395 0.078 -0.121 0.058 0.243 -0.644 -0.040
0.208 -0.425 0.040 0.260 -0.285 0.367 0.203 -0.132 0.148 0.222
0.406 0.442 -0.139 -0.325 -0.020 0.063 -0.034 0.249 0.209 -0.143
0.533 0.303 0.532 -0.077 -0.108 0.094 -0.006 0.180 -0.232 -0.129
-0.205 -0.078 -0.307 0.432 0.134 0.129 0.047 0.134 -0.129 -0.170
-0.024 0.291 0.053 0.109 0.404 -0.378 0.105 0.341 -0.129 0.360
0.357 0.194 0.149 0.020 -0.292 -0.036 -0.044 0.025 -0.245 0.162
0.505 0.126 0.172 0.038 -0.433 0.009 0.153 -0.067 0.103 -0.433
-0.014 0.104 0.138 -0.392 0.414 -0.028 0.066 0.363 0.066 0.319
-0.174 0.200 -0.131 0.423 -0.335 0.259 0.246 -0.006 -0.245 -0.172
-0.083 0.124 0.039 -0.079 0.226 -0.309 -0.231 -0.321 0.143 0.289
-0.059 0.129 -0.183 -0.382 0.136 0.025 -0.062 -0.304 0.701 0.016
-0.228 -0.444 0.293 -0.124 0.100 0.113 -0.350 0.236 0.171 0.325
0.399 -0.238 0.334 -0.177 -0.228 -0.129 -0.170 0.035 0.130 0.120
-0.029 0.051 -0.034 -0.032 0.008 0.056 0.067 -0.316 -0.047 -0.477
-0.004 0.688 -0.104 -0.179 0.385 -0.453 0.125 -0.051 -0.122 -0.051
-0.312 0.416 0.319 -0.387 -0.150 -0.099 0.497 0.200 0.118 -0.074
0.016 0.046 -0.372 0.111 0.073 -0.023 0.143 -0.020 0.401 -0.140
-0.066 0.433 -0.178 0.009 0.213 0.150 0.206 -0.002 0.313 -0.358
0.372 -0.277 -0.022 -0.034 -0.066 0.056 0.062 -0.009 -0.157 -0.072
0.142 -0.550 -0.115 0.033 0.468 0.245 -0.284 0.279 0.168 0.307
-0.041 0.250 -0.175 -0.297 0.107 0.656 -0.170 0.089 0.068 -0.130
0.209 -0.369 -0.016 0.007 -0.483 0.160 -0.285 0.412 -0.013 0.114
-0.108 0.038 -0.191 -0.096 0.247 0.440 0.380 -0.280 0.147 0.065
0.211 0.008 0.341 0.327 -0.286 -0.180 -0.549 0.380 0.027 -0.128
-0.113 0.229 0.179 0.343 -0.259 -0.106 0.051 -0.169 0.232 -0.047
-0.359 0.500 -0.418 0.163 0.013 -0.002 -0.121 0.295 -0.193 0.367
-0.013 -0.085 -0.071 -0.117 0.083 -0.365 0.112 -0.096 -0.148 -0.028
-0.229 0.010 -0.478 0.091 0.110 0.113 0.427 -0.109 0.059 0.225
0.120 -0.100 -0.036 0.417 -0.303 0.366 -0.068 -0.346 -0.248 0.084
-0.118 -0.126 0.360 -0.075 -0.018 0.159 0.150 -0.026 0.183 -0.318
-0.144 -0.120 0.115 -0.050 0.049 0.193 0.376 -0.317 -0.347 0.023
-0.594 -0.155 -0.148 0.197 0.034 0.477 0.283 -0.440 0.294 0.164
0.286 -0.311 0.282 0.164 -0.344 -0.312 -0.236 0.052 0.203 0.188
0.312 0.031 0.004 0.355 -0.497 0.140 0.202 -0.221 -0.020 0.022
0.161 -0.280 0.123 -0.200 0.107 0.250 -0.037 -0.096 -0.266 0.326
0.008 -0.037 0.086 0.115 0.266 -0.235 -0.053 -0.250 0.413 0.275
-0.330 0.341 -0.296 0.159 -0.029 -0.132 0.171 0.320 0.009 -0.115
0.073 0.190 -0.492 -0.345 0.248 0.023 0.187 0.152 -0.067 -0.174
-0.291 -0.115 0.205 0.474 -0.208 0.267 0.244 0.130 0.155 0.013
0.260 -0.310 0.118 -0.198 -0.061 0.209 0.077 -0.128 0.187 -0.158
0.190 -0.212 -0.453 0.264 -0.158 0.076 0.320 -0.207 -0.019 -0.069
0.040 0.228 0.050 -0.086 0.192 0.089 0.225 -0.038 -0.463 0.028
-0.006 0.107 0.125 -0.073 -0.430 0.104 0.297 -0.379 0.238 -0.292
0.087 -0.078 -0.227 -0.189 0.204 0.016 0.014 0.411 -0.451 0.128
0.360 -0.347 0.199 0.023 0.004 -0.098 -0.060 -0.235 0.314 0.019
0.091 -0.184 0.078 0.439 -0.112 -0.449 -0.020 -0.006 -0.194 0.152
0.193 -0.371 0.088 -0.363 0.119 0.203 0.326 0.277 -0.013 0.436
